%%MatrixMarket matrix coordinate pattern general
215 641 6705
4 1
20 1
54 1
55 1
115 1
132 1
186 1
24 2
113 2
125 2
133 2
149 2
171 2
186 2
209 2
12 3
20 3
25 3
54 3
75 3
91 3
125 3
132 3
145 3
186 3
204 3
209 3
9 4
12 4
27 4
48 4
82 4
87 4
91 4
125 4
134 4
168 4
200 4
11 5
20 5
51 5
54 5
71 5
88 5
115 5
132 5
183 5
186 5
191 5
21 6
35 6
39 6
54 6
55 6
125 6
149 6
164 6
185 6
186 6
37 7
50 7
51 7
66 7
85 7
103 7
125 7
157 7
181 7
182 7
186 7
214 7
12 8
20 8
54 8
55 8
72 8
75 8
115 8
125 8
132 8
145 8
149 8
185 8
186 8
25 9
39 9
56 9
93 9
107 9
108 9
126 9
170 9
186 9
188 9
197 9
9 10
12 10
66 10
91 10
97 10
103 10
125 10
149 10
192 10
35 11
37 11
39 11
51 11
53 11
55 11
107 11
112 11
117 11
122 11
125 11
168 11
186 11
39 12
46 12
52 12
65 12
95 12
107 12
139 12
157 12
182 12
213 12
214 12
3 13
25 13
35 13
39 13
40 13
52 13
61 13
101 13
107 13
110 13
113 13
131 13
168 13
20 14
39 14
54 14
103 14
107 14
125 14
157 14
181 14
182 14
186 14
214 14
3 15
4 15
7 15
46 15
52 15
61 15
80 15
115 15
139 15
165 15
185 15
204 15
8 16
10 16
12 16
111 16
113 16
116 16
122 16
133 16
135 16
168 16
174 16
186 16
20 17
54 17
93 17
115 17
125 17
149 17
168 17
186 17
198 17
209 17
3 18
52 18
61 18
113 18
186 18
9 20
12 20
48 20
91 20
125 20
131 20
185 20
192 20
12 21
13 21
35 21
64 21
80 21
83 21
87 21
101 21
125 21
149 21
161 21
168 21
186 21
209 21
20 22
42 22
54 22
60 22
61 22
94 22
101 22
115 22
132 22
153 22
11 23
12 23
23 23
52 23
66 23
87 23
111 23
114 23
149 23
180 23
213 23
15 24
37 24
47 24
52 24
72 24
85 24
125 24
185 24
187 24
3 25
52 25
61 25
87 25
113 25
150 25
169 25
205 25
38 26
39 26
51 26
53 26
56 26
107 26
109 26
112 26
131 26
157 26
182 26
208 26
214 26
4 27
20 27
39 27
54 27
58 27
70 27
102 27
107 27
132 27
139 27
157 27
186 27
188 27
202 27
214 27
1 28
42 28
46 28
52 28
60 28
61 28
69 28
82 28
115 28
132 28
139 28
153 28
186 28
42 29
54 29
80 29
94 29
101 29
124 29
159 29
165 29
168 29
185 29
37 30
51 30
66 30
125 30
149 30
190 30
204 30
209 30
3 31
4 31
9 31
54 31
125 31
162 31
168 31
186 31
192 31
9 32
12 32
37 32
51 32
62 32
69 32
91 32
115 32
125 32
174 32
185 32
186 32
212 32
20 33
37 33
50 33
51 33
54 33
69 33
87 33
103 33
115 33
181 33
186 33
212 33
4 34
42 34
52 34
54 34
115 34
148 34
161 34
168 34
185 34
198 34
8 35
23 35
29 35
39 35
107 35
112 35
114 35
131 35
133 35
157 35
171 35
182 35
214 35
39 36
56 36
70 36
101 36
108 36
125 36
149 36
168 36
185 36
3 37
52 37
80 37
85 37
113 37
125 37
126 37
161 37
164 37
186 37
1 38
35 38
46 38
56 38
70 38
101 38
108 38
125 38
139 38
164 38
186 38
3 39
11 39
35 39
51 39
52 39
61 39
101 39
113 39
115 39
185 39
186 39
193 39
20 40
37 40
45 40
51 40
54 40
70 40
71 40
100 40
123 40
132 40
148 40
185 40
191 40
215 40
4 41
7 41
54 41
157 41
161 41
182 41
185 41
214 41
89 42
101 42
103 42
125 42
149 42
181 42
186 42
209 42
4 43
9 43
12 43
36 43
37 43
51 43
62 43
91 43
92 43
133 43
174 43
185 43
186 43
9 44
52 44
69 44
82 44
89 44
115 44
125 44
9 45
54 45
80 45
85 45
115 45
125 45
126 45
161 45
164 45
20 46
35 46
54 46
93 46
101 46
125 46
132 46
170 46
186 46
3 47
20 47
52 47
54 47
60 47
61 47
115 47
132 47
153 47
168 47
186 47
42 48
80 48
85 48
125 48
126 48
132 48
137 48
161 48
180 48
185 48
199 48
200 48
3 49
52 49
61 49
65 49
70 49
79 49
113 49
126 49
186 49
204 49
1 50
3 50
46 50
49 50
52 50
61 50
70 50
80 50
113 50
139 50
163 50
165 50
186 50
200 50
4 51
9 51
12 51
13 51
66 51
80 51
83 51
91 51
115 51
148 51
164 51
186 51
200 51
4 52
20 52
39 52
85 52
89 52
98 52
107 52
157 52
182 52
186 52
187 52
203 52
80 53
125 53
126 53
132 53
137 53
147 53
161 53
168 53
187 53
197 53
199 53
25 54
35 54
89 54
93 54
101 54
125 54
126 54
140 54
168 54
170 54
186 54
197 54
12 55
35 55
38 55
51 55
56 55
62 55
91 55
101 55
109 55
125 55
174 55
185 55
186 55
10 56
12 56
54 56
65 56
90 56
113 56
125 56
133 56
151 56
179 56
198 56
3 57
7 57
46 57
52 57
61 57
113 57
139 57
185 57
1 58
4 58
43 58
46 58
69 58
91 58
125 58
139 58
148 58
186 58
200 58
20 59
54 59
80 59
85 59
115 59
125 59
126 59
132 59
137 59
164 59
186 59
199 59
11 60
18 60
27 60
51 60
62 60
69 60
87 60
128 60
147 60
159 60
168 60
187 60
212 60
3 61
4 61
20 61
54 61
60 61
61 61
113 61
132 61
153 61
186 61
1 62
23 62
39 62
107 62
114 62
125 62
132 62
157 62
186 62
188 62
200 62
202 62
214 62
27 63
31 63
36 63
39 63
92 63
107 63
120 63
127 63
133 63
164 63
182 63
185 63
186 63
38 64
39 64
51 64
53 64
56 64
107 64
109 64
112 64
125 64
157 64
208 64
214 64
12 65
31 65
39 65
42 65
52 65
58 65
91 65
102 65
105 65
107 65
125 65
139 65
157 65
182 65
186 65
214 65
3 66
9 66
12 66
14 66
31 66
33 66
39 66
52 66
91 66
113 66
125 66
131 66
186 66
192 66
15 67
26 67
39 67
47 67
52 67
69 67
107 67
128 67
132 67
142 67
168 67
188 67
202 67
214 67
3 68
52 68
61 68
113 68
168 68
186 68
4 69
9 69
20 69
39 69
54 69
93 69
94 69
107 69
144 69
188 69
192 69
201 69
3 70
25 70
52 70
61 70
80 70
113 70
126 70
161 70
165 70
168 70
185 70
197 70
2 71
9 71
12 71
16 71
52 71
91 71
93 71
113 71
125 71
131 71
145 71
170 71
186 71
192 71
20 72
39 72
54 72
66 72
125 72
149 72
164 72
186 72
189 72
20 73
33 73
37 73
39 73
42 73
51 73
52 73
54 73
112 73
115 73
186 73
10 74
27 74
31 74
33 74
35 74
39 74
101 74
125 74
133 74
164 74
186 74
12 75
35 75
75 75
76 75
101 75
125 75
126 75
132 75
145 75
186 75
197 75
7 76
35 76
45 76
56 76
93 76
101 76
109 76
115 76
125 76
170 76
172 76
185 76
3 77
10 77
26 77
33 77
39 77
52 77
61 77
92 77
110 77
113 77
128 77
133 77
142 77
150 77
168 77
20 78
39 78
47 78
52 78
54 78
70 78
98 78
125 78
132 78
186 78
188 78
207 78
1 79
36 79
37 79
39 79
44 79
51 79
53 79
69 79
107 79
112 79
113 79
133 79
177 79
186 79
212 79
35 80
36 80
39 80
44 80
92 80
101 80
107 80
113 80
128 80
132 80
133 80
168 80
177 80
188 80
202 80
27 82
35 82
101 82
125 82
164 82
186 82
1 83
12 83
31 83
36 83
39 83
64 83
69 83
82 83
105 83
107 83
125 83
128 83
133 83
168 83
182 83
186 83
9 84
66 84
93 84
125 84
132 84
144 84
147 84
182 84
187 84
4 85
20 85
54 85
89 85
115 85
132 85
133 85
140 85
171 85
186 85
207 85
3 86
52 86
61 86
113 86
125 86
149 86
209 86
64 88
69 88
78 88
87 88
92 88
122 88
186 88
11 89
48 89
49 89
70 89
125 89
186 89
200 89
212 89
20 90
45 90
54 90
87 90
100 90
132 90
185 90
189 90
215 90
20 91
54 91
80 91
85 91
125 91
126 91
164 91
4 92
69 92
80 92
85 92
89 92
125 92
136 92
147 92
164 92
186 92
187 92
4 94
20 94
39 94
54 94
107 94
132 94
157 94
182 94
188 94
202 94
214 94
37 95
51 95
63 95
66 95
70 95
80 95
85 95
115 95
126 95
164 95
168 95
184 95
185 95
37 96
49 96
51 96
69 96
89 96
115 96
125 96
168 96
185 96
190 96
200 96
212 96
4 98
85 98
113 98
164 98
186 98
187 98
4 99
42 99
52 99
69 99
168 99
10 100
12 100
14 100
31 100
33 100
39 100
69 100
82 100
91 100
113 100
133 100
189 100
3 101
4 101
43 101
46 101
52 101
61 101
69 101
113 101
121 101
134 101
3 103
52 103
61 103
80 103
113 103
115 103
126 103
161 103
165 103
186 103
197 103
20 104
54 104
89 104
93 104
125 104
126 104
140 104
170 104
197 104
15 105
69 105
93 105
125 105
126 105
131 105
164 105
186 105
197 105
214 105
3 106
23 106
27 106
29 106
52 106
59 106
61 106
87 106
113 106
114 106
121 106
131 106
147 106
159 106
187 106
38 107
51 107
56 107
63 107
69 107
70 107
80 107
109 107
163 107
168 107
186 107
208 107
212 107
17 108
38 108
39 108
51 108
53 108
56 108
107 108
109 108
112 108
123 108
133 108
208 108
4 110
9 110
48 110
49 110
125 110
134 110
181 110
186 110
200 110
1 111
23 111
34 111
39 111
80 111
85 111
107 111
113 111
114 111
126 111
127 111
133 111
164 111
166 111
182 111
186 111
10 112
12 112
14 112
19 112
31 112
33 112
39 112
88 112
91 112
113 112
133 112
183 112
3 113
35 113
39 113
40 113
52 113
61 113
101 113
107 113
110 113
113 113
180 113
185 113
4 114
12 114
35 114
64 114
74 114
85 114
89 114
101 114
125 114
168 114
186 114
187 114
195 114
10 115
33 115
39 115
65 115
66 115
85 115
87 115
113 115
131 115
133 115
168 115
198 115
3 116
9 116
27 116
32 116
52 116
113 116
131 116
132 116
145 116
159 116
182 116
186 116
192 116
1 117
3 117
46 117
49 117
52 117
60 117
61 117
93 117
125 117
139 117
144 117
186 117
200 117
1 118
9 118
24 118
35 118
55 118
73 118
89 118
104 118
113 118
125 118
140 118
186 118
192 118
210 118
20 120
54 120
69 120
115 120
125 120
132 120
212 120
3 121
4 121
37 121
51 121
52 121
61 121
113 121
186 121
193 121
4 122
20 122
42 122
54 122
101 122
113 122
4 123
10 123
33 123
34 123
39 123
80 123
125 123
126 123
133 123
161 123
168 123
186 123
204 123
5 124
33 124
34 124
39 124
42 124
80 124
126 124
161 124
186 124
189 124
197 124
200 124
20 125
45 125
54 125
87 125
97 125
102 125
115 125
147 125
186 125
187 125
215 125
20 126
66 126
113 126
125 126
132 126
155 126
186 126
194 126
206 126
207 126
3 127
22 127
38 127
51 127
52 127
56 127
61 127
109 127
113 127
185 127
186 127
193 127
4 128
9 128
35 128
54 128
80 128
101 128
125 128
131 128
132 128
137 128
161 128
168 128
199 128
9 129
12 129
25 129
35 129
37 129
51 129
62 129
91 129
101 129
125 129
174 129
209 129
115 130
125 130
126 130
149 130
164 130
185 130
186 130
197 130
209 130
20 131
37 131
51 131
52 131
54 131
63 131
80 131
123 131
125 131
163 131
213 131
4 132
8 132
12 132
42 132
72 132
113 132
133 132
168 132
171 132
174 132
186 132
200 132
85 133
91 133
125 133
186 133
187 133
4 134
48 134
49 134
80 134
94 134
97 134
103 134
163 134
186 134
200 134
212 134
3 135
52 135
61 135
80 135
125 135
126 135
164 135
165 135
185 135
197 135
1 136
15 136
20 136
37 136
51 136
54 136
71 136
104 136
125 136
132 136
149 136
186 136
191 136
209 136
210 136
3 137
4 137
52 137
69 137
78 137
89 137
113 137
132 137
140 137
186 137
207 137
20 138
25 138
54 138
89 138
125 138
132 138
140 138
148 138
168 138
186 138
200 138
207 138
3 139
9 139
52 139
69 139
89 139
113 139
125 139
131 139
140 139
186 139
207 139
9 141
12 141
56 141
87 141
91 141
93 141
109 141
125 141
144 141
145 141
186 141
209 141
21 142
91 142
124 142
149 142
178 142
204 142
205 142
209 142
4 143
20 143
38 143
50 143
51 143
54 143
103 143
115 143
176 143
186 143
209 143
4 144
16 144
52 144
60 144
61 144
73 144
129 144
146 144
173 144
213 144
3 145
4 145
37 145
50 145
51 145
52 145
85 145
103 145
113 145
181 145
186 145
187 145
3 146
4 146
52 146
61 146
89 146
96 146
125 146
148 146
152 146
200 146
1 147
34 147
39 147
44 147
80 147
107 147
115 147
126 147
156 147
161 147
166 147
177 147
186 147
189 147
197 147
15 148
61 148
96 148
117 148
122 148
125 148
129 148
155 148
206 148
213 148
20 149
54 149
65 149
70 149
125 149
126 149
132 149
186 149
197 149
198 149
211 149
4 150
27 150
35 150
93 150
101 150
125 150
145 150
147 150
164 150
168 150
170 150
186 150
187 150
22 151
38 151
45 151
51 151
56 151
102 151
109 151
186 151
208 151
215 151
3 152
4 152
9 152
48 152
52 152
61 152
113 152
186 152
1 153
3 153
39 153
52 153
104 153
113 153
157 153
164 153
182 153
186 153
210 153
214 153
3 154
20 154
52 154
54 154
60 154
61 154
113 154
132 154
153 154
186 154
21 156
49 156
70 156
80 156
89 156
126 156
136 156
162 156
185 156
186 156
200 156
204 156
7 157
36 157
37 157
39 157
44 157
51 157
53 157
69 157
92 157
107 157
112 157
115 157
133 157
177 157
185 157
212 157
1 159
3 159
12 159
46 159
52 159
59 159
61 159
91 159
106 159
113 159
125 159
139 159
149 159
186 159
209 159
4 160
38 160
51 160
56 160
71 160
93 160
109 160
115 160
117 160
122 160
168 160
170 160
43 162
56 162
69 162
72 162
94 162
108 162
113 162
128 162
160 162
168 162
4 163
12 163
35 163
66 163
75 163
85 163
91 163
101 163
125 163
132 163
145 163
186 163
3 164
52 164
61 164
80 164
85 164
113 164
125 164
126 164
164 164
165 164
4 165
9 165
12 165
20 165
54 165
66 165
75 165
91 165
125 165
132 165
145 165
185 165
186 165
37 167
51 167
52 167
69 167
71 167
87 167
93 167
113 167
144 167
212 167
213 167
4 168
12 168
35 168
42 168
65 168
91 168
101 168
125 168
168 168
179 168
186 168
198 168
200 168
12 169
20 169
42 169
52 169
54 169
75 169
91 169
94 169
125 169
132 169
145 169
168 169
185 169
4 170
20 170
45 170
54 170
102 170
115 170
132 170
143 170
169 170
186 170
215 170
20 171
54 171
80 171
125 171
126 171
132 171
137 171
161 171
182 171
197 171
199 171
3 172
52 172
61 172
67 172
70 172
103 172
113 172
131 172
147 172
181 172
186 172
187 172
37 173
51 173
71 173
87 173
113 173
132 173
133 173
171 173
185 173
186 173
191 173
3 174
4 174
49 174
52 174
61 174
67 174
103 174
113 174
181 174
186 174
200 174
9 175
93 175
125 175
126 175
132 175
170 175
186 175
192 175
197 175
60 176
61 176
69 176
84 176
119 176
153 176
154 176
4 177
18 177
21 177
27 177
35 177
38 177
42 177
51 177
62 177
101 177
131 177
164 177
186 177
200 177
3 178
37 178
47 178
52 178
113 178
164 178
186 178
189 178
3 179
47 179
52 179
54 179
61 179
113 179
115 179
150 179
169 179
185 179
20 180
37 180
51 180
54 180
55 180
71 180
118 180
125 180
132 180
180 180
191 180
9 181
12 181
20 181
54 181
75 181
91 181
115 181
132 181
145 181
185 181
186 181
209 181
4 182
12 182
42 182
59 182
61 182
72 182
94 182
101 182
106 182
168 182
200 182
7 183
37 183
51 183
69 183
104 183
115 183
185 183
210 183
212 183
12 184
37 184
51 184
62 184
69 184
91 184
99 184
115 184
174 184
186 184
212 184
12 185
37 185
51 185
62 185
69 185
70 185
85 185
87 185
91 185
174 185
212 185
3 186
4 186
35 186
37 186
51 186
52 186
55 186
61 186
113 186
185 186
186 186
193 186
4 187
38 187
56 187
109 187
205 187
208 187
10 188
26 188
33 188
39 188
47 188
52 188
104 188
107 188
113 188
115 188
133 188
27 189
31 189
35 189
39 189
101 189
107 189
120 189
125 189
157 189
164 189
168 189
182 189
186 189
214 189
3 190
36 190
39 190
40 190
52 190
61 190
92 190
107 190
110 190
113 190
133 190
168 190
186 190
4 193
20 193
54 193
115 193
132 193
3 194
12 194
35 194
52 194
55 194
59 194
61 194
91 194
106 194
115 194
125 194
185 194
186 194
3 195
4 195
21 195
35 195
37 195
20 196
54 196
69 196
115 196
125 196
176 196
3 197
52 197
61 197
113 197
180 197
26 198
29 198
80 198
85 198
93 198
125 198
126 198
131 198
138 198
142 198
164 198
170 198
187 198
189 198
197 198
199 198
15 199
20 199
54 199
125 199
181 199
9 200
56 200
80 200
93 200
94 200
109 200
115 200
144 200
164 200
185 200
186 200
187 200
199 200
12 201
15 201
20 201
27 201
54 201
69 201
72 201
125 201
164 201
186 201
214 201
9 202
15 202
21 202
36 202
39 202
89 202
98 202
107 202
133 202
192 202
203 202
10 203
20 203
27 203
31 203
33 203
39 203
54 203
115 203
125 203
131 203
133 203
159 203
186 203
3 204
52 204
56 204
108 204
113 204
160 204
186 204
4 205
20 205
45 205
54 205
70 205
102 205
132 205
186 205
215 205
20 206
54 206
89 206
113 206
125 206
132 206
140 206
168 206
186 206
204 206
207 206
209 206
1 207
5 207
12 207
31 207
35 207
39 207
44 207
49 207
91 207
101 207
105 207
107 207
125 207
177 207
186 207
200 207
7 208
9 208
20 208
39 208
54 208
89 208
98 208
104 208
107 208
113 208
185 208
192 208
203 208
210 208
3 209
35 209
37 209
51 209
52 209
61 209
101 209
113 209
125 209
185 209
186 209
193 209
12 210
27 210
35 210
55 210
91 210
115 210
125 210
131 210
149 210
159 210
186 210
209 210
3 211
4 211
25 211
52 211
60 211
61 211
132 211
148 211
153 211
185 211
186 211
187 211
9 212
20 212
54 212
66 212
80 212
115 212
125 212
132 212
137 212
164 212
168 212
186 212
199 212
3 213
52 213
61 213
87 213
115 213
80 214
93 214
117 214
122 214
125 214
126 214
138 214
163 214
170 214
197 214
199 214
20 215
54 215
80 215
87 215
125 215
131 215
132 215
137 215
164 215
186 215
199 215
4 216
10 216
12 216
43 216
69 216
72 216
90 216
113 216
133 216
4 217
37 217
51 217
69 217
89 217
115 217
126 217
186 217
190 217
197 217
212 217
12 218
13 218
15 218
25 218
47 218
52 218
69 218
72 218
80 218
83 218
163 218
186 218
212 218
3 219
4 219
12 219
25 219
52 219
59 219
61 219
91 219
106 219
185 219
186 219
204 219
209 219
37 220
42 220
51 220
56 220
71 220
109 220
115 220
132 220
180 220
186 220
191 220
200 220
4 221
34 221
39 221
80 221
86 221
107 221
157 221
161 221
166 221
182 221
209 221
214 221
4 222
20 222
27 222
54 222
93 222
125 222
126 222
145 222
164 222
170 222
197 222
21 224
47 224
52 224
115 224
160 224
186 224
192 224
1 225
3 225
20 225
46 225
52 225
54 225
60 225
61 225
113 225
115 225
132 225
153 225
1 226
3 226
46 226
49 226
52 226
61 226
70 226
80 226
113 226
139 226
163 226
165 226
186 226
200 226
2 227
9 227
12 227
48 227
91 227
93 227
115 227
125 227
126 227
145 227
170 227
197 227
82 228
113 228
125 228
126 228
161 228
197 228
200 228
4 229
20 229
39 229
47 229
52 229
54 229
107 229
115 229
132 229
185 229
186 229
188 229
202 229
10 230
33 230
39 230
66 230
89 230
125 230
133 230
149 230
203 230
3 231
33 231
39 231
52 231
61 231
110 231
113 231
125 231
150 231
168 231
186 231
204 231
209 231
1 232
26 232
39 232
69 232
93 232
107 232
113 232
142 232
144 232
186 232
188 232
201 232
214 232
27 233
35 233
42 233
59 233
61 233
94 233
101 233
113 233
121 233
164 233
1 234
4 234
20 234
24 234
54 234
73 234
113 234
132 234
133 234
171 234
186 234
3 235
42 235
52 235
65 235
89 235
113 235
115 235
131 235
186 235
198 235
3 236
20 236
52 236
54 236
60 236
61 236
115 236
132 236
153 236
168 236
186 236
189 236
1 237
3 237
20 237
46 237
52 237
54 237
61 237
89 237
96 237
113 237
125 237
139 237
152 237
186 237
1 238
3 238
46 238
52 238
60 238
61 238
113 238
132 238
139 238
153 238
186 238
25 239
38 239
51 239
56 239
66 239
71 239
109 239
123 239
132 239
149 239
191 239
4 240
15 240
20 240
54 240
132 240
186 240
3 241
20 241
52 241
54 241
58 241
60 241
61 241
87 241
102 241
113 241
132 241
139 241
153 241
186 241
20 242
39 242
45 242
54 242
102 242
107 242
132 242
157 242
182 242
186 242
188 242
189 242
202 242
214 242
215 242
20 243
21 243
54 243
65 243
69 243
82 243
132 243
198 243
211 243
15 244
20 244
39 244
54 244
69 244
107 244
124 244
132 244
186 244
188 244
202 244
214 244
10 245
33 245
36 245
39 245
92 245
107 245
133 245
182 245
186 245
12 246
25 246
85 246
90 246
103 246
168 246
175 246
187 246
189 246
200 246
20 247
54 247
87 247
115 247
132 247
155 247
186 247
194 247
206 247
207 247
1 248
10 248
20 248
39 248
46 248
54 248
95 248
113 248
115 248
133 248
139 248
186 248
9 249
52 249
66 249
89 249
115 249
125 249
136 249
162 249
184 249
186 249
20 251
37 251
51 251
54 251
63 251
80 251
85 251
115 251
125 251
126 251
164 251
185 251
186 251
20 252
35 252
54 252
70 252
80 252
89 252
115 252
136 252
163 252
185 252
186 252
12 253
69 253
72 253
91 253
125 253
204 253
209 253
214 253
20 254
37 254
54 254
115 254
124 254
126 254
155 254
18 256
22 256
38 256
51 256
53 256
115 256
117 256
120 256
122 256
129 256
213 256
4 257
12 257
27 257
35 257
43 257
69 257
72 257
101 257
125 257
164 257
186 257
38 259
49 259
51 259
69 259
70 259
71 259
78 259
87 259
93 259
168 259
170 259
185 259
200 259
9 260
12 260
20 260
54 260
72 260
91 260
115 260
146 260
156 260
186 260
10 261
37 261
51 261
66 261
87 261
113 261
133 261
149 261
12 262
13 262
55 262
80 262
83 262
91 262
113 262
115 262
118 262
164 262
185 262
186 262
4 263
20 263
37 263
51 263
54 263
71 263
85 263
113 263
126 263
132 263
185 263
186 263
191 263
1 264
9 264
37 264
45 264
51 264
56 264
71 264
93 264
109 264
115 264
125 264
144 264
172 264
186 264
192 264
68 265
87 265
126 265
167 265
205 265
39 266
93 266
107 266
114 266
125 266
126 266
157 266
170 266
172 266
182 266
188 266
197 266
214 266
215 266
4 267
25 267
35 267
80 267
85 267
89 267
101 267
102 267
136 267
161 267
186 267
187 267
9 268
20 268
37 268
45 268
51 268
54 268
71 268
87 268
102 268
132 268
186 268
189 268
191 268
192 268
215 268
1 270
10 270
33 270
39 270
46 270
93 270
113 270
125 270
126 270
133 270
139 270
143 270
170 270
186 270
197 270
9 271
12 271
20 271
52 271
54 271
75 271
91 271
113 271
115 271
132 271
145 271
186 271
4 272
57 272
69 272
167 272
178 272
189 272
25 273
42 273
69 273
101 273
119 273
125 273
173 273
22 274
69 274
80 274
93 274
119 274
125 274
138 274
161 274
170 274
185 274
186 274
199 274
212 274
1 275
20 275
23 275
39 275
54 275
107 275
114 275
115 275
132 275
157 275
182 275
186 275
188 275
202 275
214 275
3 276
8 276
30 276
48 276
54 276
61 276
70 276
124 276
193 276
37 277
51 277
69 277
71 277
87 277
93 277
129 277
144 277
146 277
212 277
213 277
4 278
42 278
65 278
66 278
79 278
115 278
132 278
185 278
186 278
200 278
211 278
37 279
42 279
50 279
51 279
69 279
87 279
103 279
115 279
168 279
175 279
186 279
200 279
212 279
6 280
41 280
54 280
58 280
68 280
73 280
87 280
145 280
155 280
205 280
87 281
113 281
133 281
155 281
171 281
3 282
17 282
39 282
52 282
107 282
113 282
123 282
132 282
133 282
186 282
188 282
202 282
15 283
37 283
39 283
51 283
53 283
69 283
104 283
107 283
112 283
115 283
128 283
168 283
210 283
212 283
214 283
3 284
52 284
61 284
69 284
80 284
113 284
115 284
164 284
165 284
212 284
8 285
9 285
12 285
66 285
91 285
115 285
125 285
133 285
171 285
174 285
186 285
4 286
12 286
21 286
24 286
42 286
52 286
69 286
72 286
73 286
145 286
168 286
185 286
212 286
4 287
12 287
20 287
54 287
59 287
61 287
85 287
91 287
106 287
125 287
126 287
131 287
186 287
20 288
27 288
54 288
89 288
115 288
131 288
157 288
164 288
182 288
186 288
195 288
214 288
9 289
15 289
16 289
52 289
93 289
125 289
168 289
185 289
192 289
26 290
29 290
33 290
36 290
39 290
92 290
107 290
125 290
126 290
131 290
133 290
142 290
169 290
197 290
17 291
39 291
66 291
89 291
98 291
107 291
115 291
133 291
147 291
168 291
186 291
203 291
3 292
4 292
52 292
113 292
12 293
21 293
43 293
69 293
72 293
75 293
125 293
126 293
145 293
186 293
197 293
37 294
51 294
63 294
69 294
80 294
85 294
125 294
161 294
187 294
189 294
212 294
4 295
12 295
13 295
49 295
57 295
64 295
70 295
80 295
83 295
163 295
167 295
186 295
200 295
36 296
39 296
40 296
61 296
107 296
110 296
115 296
125 296
126 296
133 296
177 296
197 296
20 297
39 297
54 297
107 297
115 297
125 297
132 297
168 297
186 297
188 297
202 297
7 298
12 298
46 298
59 298
61 298
69 298
72 298
106 298
115 298
125 298
139 298
185 298
212 298
12 299
35 299
42 299
59 299
61 299
64 299
101 299
106 299
113 299
125 299
200 299
3 300
36 300
39 300
52 300
89 300
92 300
98 300
107 300
113 300
133 300
203 300
1 301
3 301
4 301
10 301
33 301
39 301
46 301
52 301
61 301
70 301
110 301
133 301
139 301
150 301
186 301
20 302
54 302
80 302
85 302
115 302
125 302
126 302
132 302
137 302
164 302
186 302
199 302
35 303
93 303
101 303
115 303
125 303
155 303
194 303
3 304
52 304
61 304
96 304
113 304
124 304
155 304
194 304
206 304
15 305
20 305
39 305
69 305
89 305
98 305
107 305
180 305
186 305
203 305
214 305
12 306
25 306
69 306
72 306
74 306
82 306
85 306
89 306
125 306
168 306
185 306
187 306
195 306
17 307
39 307
66 307
91 307
113 307
133 307
189 307
204 307
20 308
25 308
27 308
32 308
54 308
69 308
82 308
115 308
132 308
145 308
164 308
168 308
186 308
37 309
39 309
51 309
53 309
56 309
69 309
87 309
107 309
108 309
112 309
125 309
212 309
65 310
80 310
85 310
115 310
125 310
126 310
161 310
185 310
186 310
187 310
197 310
198 310
4 311
12 311
13 311
64 311
69 311
78 311
80 311
82 311
83 311
125 311
162 311
52 312
70 312
97 312
125 312
147 312
186 312
187 312
4 313
18 313
27 313
35 313
37 313
51 313
62 313
66 313
101 313
125 313
149 313
164 313
186 313
4 314
12 314
20 314
35 314
54 314
75 314
91 314
101 314
125 314
132 314
145 314
4 315
45 315
48 315
69 315
102 315
130 315
186 315
204 315
215 315
49 316
65 316
69 316
70 316
72 316
79 316
179 316
185 316
189 316
200 316
6 317
45 317
49 317
54 317
70 317
73 317
80 317
102 317
130 317
155 317
163 317
186 317
199 317
200 317
215 317
4 318
6 318
54 318
69 318
155 318
197 318
4 319
6 319
41 319
54 319
58 319
68 319
69 319
73 319
145 319
155 319
215 319
4 320
9 320
45 320
48 320
80 320
81 320
162 320
168 320
169 320
192 320
215 320
45 321
66 321
81 321
124 321
125 321
160 321
162 321
167 321
168 321
205 321
215 321
45 322
70 322
81 322
125 322
126 322
160 322
168 322
197 322
205 322
215 322
9 323
45 323
64 323
70 323
81 323
91 323
146 323
168 323
187 323
192 323
212 323
215 323
39 324
81 324
82 324
113 324
115 324
133 324
168 324
171 324
200 324
3 325
46 325
52 325
61 325
113 325
3 326
9 326
48 326
52 326
113 326
125 326
159 326
3 327
12 327
20 327
21 327
54 327
75 327
77 327
125 327
132 327
145 327
4 328
9 328
37 328
48 328
51 328
63 328
80 328
87 328
131 328
161 328
168 328
187 328
214 328
1 329
4 329
9 329
12 329
20 329
31 329
39 329
44 329
54 329
66 329
91 329
105 329
107 329
177 329
186 329
10 330
12 330
42 330
59 330
61 330
90 330
94 330
101 330
106 330
113 330
133 330
11 331
20 331
51 331
54 331
56 331
71 331
108 331
115 331
125 331
132 331
191 331
22 332
38 332
56 332
91 332
109 332
157 332
182 332
214 332
21 333
35 333
65 333
79 333
101 333
125 333
126 333
197 333
198 333
8 334
35 334
39 334
101 334
107 334
112 334
125 334
133 334
168 334
171 334
186 334
189 334
4 335
43 335
54 335
69 335
93 335
113 335
131 335
151 335
186 335
198 335
34 338
39 338
49 338
80 338
107 338
157 338
163 338
166 338
180 338
182 338
186 338
200 338
214 338
1 339
3 339
4 339
46 339
52 339
60 339
61 339
93 339
125 339
126 339
139 339
158 339
170 339
186 339
197 339
9 340
35 340
55 340
65 340
80 340
125 340
131 340
161 340
180 340
198 340
209 340
4 341
12 341
43 341
49 341
69 341
70 341
91 341
103 341
181 341
200 341
22 342
42 342
60 342
61 342
93 342
101 342
113 342
133 342
158 342
170 342
186 342
3 343
52 343
61 343
65 343
113 343
125 343
126 343
186 343
197 343
198 343
19 344
58 344
84 344
88 344
146 344
154 344
3 345
4 345
37 345
42 345
51 345
52 345
61 345
101 345
113 345
186 345
193 345
10 346
20 346
33 346
39 346
54 346
113 346
125 346
132 346
133 346
143 346
185 346
186 346
202 346
12 347
20 347
35 347
37 347
51 347
54 347
62 347
72 347
101 347
115 347
125 347
174 347
186 347
4 348
27 348
31 348
35 348
39 348
55 348
69 348
107 348
120 348
125 348
131 348
159 348
214 348
21 349
22 349
52 349
117 349
122 349
160 349
214 349
7 350
23 350
27 350
35 350
93 350
101 350
114 350
116 350
122 350
125 350
135 350
145 350
164 350
170 350
185 350
3 351
42 351
52 351
113 351
180 351
200 351
1 352
8 352
39 352
56 352
104 352
107 352
108 352
112 352
113 352
133 352
171 352
186 352
210 352
18 353
27 353
35 353
37 353
51 353
62 353
101 353
113 353
125 353
133 353
164 353
171 353
18 355
27 355
38 355
51 355
56 355
62 355
109 355
124 355
127 355
133 355
164 355
182 355
20 357
36 357
54 357
60 357
61 357
92 357
125 357
131 357
132 357
133 357
153 357
186 357
3 358
20 358
28 358
32 358
52 358
54 358
113 358
115 358
132 358
164 358
199 358
12 359
20 359
54 359
75 359
91 359
115 359
132 359
145 359
149 359
183 359
186 359
209 359
1 360
27 360
31 360
35 360
36 360
39 360
44 360
92 360
101 360
107 360
120 360
125 360
133 360
164 360
177 360
186 360
12 361
31 361
36 361
39 361
43 361
69 361
70 361
91 361
92 361
105 361
107 361
133 361
39 362
40 362
56 362
61 362
107 362
109 362
110 362
115 362
127 362
133 362
185 362
208 362
18 363
20 363
27 363
37 363
51 363
54 363
62 363
115 363
125 363
164 363
204 363
209 363
3 364
35 364
52 364
101 364
113 364
125 364
3 365
9 365
46 365
52 365
60 365
61 365
73 365
104 365
113 365
125 365
209 365
3 366
4 366
35 366
52 366
61 366
89 366
96 366
101 366
113 366
152 366
1 367
18 367
20 367
26 367
27 367
37 367
42 367
51 367
54 367
62 367
115 367
142 367
164 367
186 367
200 367
1 368
15 368
20 368
28 368
32 368
46 368
47 368
52 368
54 368
115 368
132 368
139 368
160 368
186 368
199 368
39 369
69 369
103 369
107 369
115 369
125 369
126 369
131 369
181 369
186 369
197 369
212 369
3 370
10 370
26 370
33 370
39 370
46 370
52 370
61 370
110 370
113 370
133 370
150 370
1 371
20 371
45 371
54 371
66 371
115 371
132 371
149 371
172 371
186 371
189 371
1 372
23 372
39 372
98 372
107 372
113 372
114 372
125 372
155 372
157 372
186 372
194 372
206 372
214 372
3 373
52 373
56 373
61 373
87 373
108 373
3 374
11 374
20 374
51 374
52 374
54 374
61 374
113 374
125 374
186 374
193 374
37 376
42 376
51 376
52 376
65 376
66 376
125 376
141 376
149 376
185 376
186 376
198 376
3 377
21 377
35 377
52 377
101 377
125 377
164 377
185 377
186 377
25 378
35 378
39 378
47 378
52 378
77 378
101 378
125 378
186 378
3 379
49 379
52 379
61 379
70 379
80 379
113 379
163 379
165 379
186 379
200 379
22 380
38 380
47 380
51 380
52 380
56 380
61 380
109 380
125 380
186 380
193 380
3 381
52 381
61 381
69 381
80 381
164 381
165 381
180 381
185 381
186 381
208 381
212 381
39 383
56 383
107 383
109 383
115 383
132 383
168 383
188 383
202 383
10 384
33 384
38 384
39 384
51 384
56 384
109 384
112 384
113 384
125 384
133 384
186 384
20 385
33 385
39 385
54 385
61 385
69 385
87 385
110 385
115 385
131 385
150 385
168 385
212 385
3 386
37 386
51 386
52 386
85 386
89 386
113 386
125 386
168 386
186 386
187 386
190 386
15 387
19 387
49 387
88 387
183 387
185 387
186 387
209 387
4 388
11 388
25 388
51 388
69 388
71 388
85 388
132 388
168 388
186 388
187 388
191 388
212 388
7 389
46 389
85 389
91 389
115 389
125 389
139 389
164 389
185 389
187 389
12 390
27 390
35 390
47 390
52 390
91 390
101 390
123 390
125 390
164 390
186 390
15 391
21 391
37 391
47 391
52 391
57 391
79 391
167 391
3 392
25 392
42 392
52 392
61 392
67 392
97 392
103 392
113 392
168 392
186 392
39 394
56 394
93 394
107 394
109 394
114 394
144 394
157 394
172 394
182 394
188 394
201 394
214 394
4 395
35 395
37 395
51 395
69 395
101 395
115 395
168 395
186 395
212 395
10 396
52 396
89 396
98 396
113 396
120 396
125 396
133 396
160 396
168 396
7 397
12 397
20 397
31 397
36 397
39 397
44 397
54 397
64 397
92 397
105 397
107 397
115 397
133 397
177 397
185 397
1 398
4 398
44 398
69 398
78 398
82 398
115 398
161 398
177 398
186 398
9 400
23 400
25 400
80 400
114 400
125 400
128 400
132 400
133 400
137 400
164 400
168 400
171 400
192 400
199 400
55 401
80 401
113 401
118 401
126 401
132 401
137 401
161 401
189 401
197 401
199 401
27 402
28 402
35 402
80 402
83 402
85 402
101 402
125 402
126 402
131 402
164 402
186 402
37 404
51 404
65 404
69 404
70 404
82 404
125 404
141 404
149 404
168 404
186 404
198 404
209 404
4 405
9 405
42 405
80 405
131 405
132 405
137 405
164 405
180 405
185 405
187 405
199 405
200 405
4 406
37 406
50 406
51 406
54 406
66 406
85 406
87 406
103 406
151 406
181 406
39 407
104 407
107 407
114 407
125 407
157 407
182 407
214 407
12 408
21 408
42 408
52 408
72 408
74 408
89 408
113 408
194 408
195 408
4 409
12 409
20 409
43 409
54 409
69 409
72 409
91 409
125 409
186 409
20 410
58 410
69 410
88 410
93 410
94 410
139 410
146 410
212 410
27 411
32 411
35 411
87 411
101 411
125 411
132 411
145 411
164 411
186 411
3 412
10 412
33 412
39 412
52 412
61 412
110 412
113 412
131 412
133 412
150 412
186 412
3 413
37 413
51 413
52 413
65 413
69 413
113 413
125 413
131 413
141 413
186 413
198 413
212 413
37 414
39 414
51 414
53 414
58 414
66 414
102 414
107 414
112 414
139 414
149 414
157 414
182 414
186 414
189 414
214 414
3 415
4 415
35 415
52 415
61 415
65 415
101 415
113 415
186 415
198 415
36 416
69 416
87 416
91 416
92 416
133 416
185 416
186 416
212 416
1 417
3 417
4 417
42 417
46 417
52 417
60 417
61 417
132 417
139 417
153 417
180 417
186 417
200 417
10 419
27 419
31 419
33 419
35 419
39 419
101 419
125 419
133 419
164 419
17 420
39 420
133 420
154 420
192 420
36 421
85 421
113 421
125 421
131 421
133 421
168 421
187 421
20 422
35 422
54 422
101 422
164 422
180 422
186 422
189 422
4 423
149 423
164 423
186 423
189 423
209 423
27 424
32 424
52 424
56 424
109 424
115 424
132 424
134 424
145 424
146 424
168 424
186 424
214 424
36 425
37 425
39 425
51 425
53 425
69 425
87 425
107 425
112 425
133 425
182 425
212 425
37 426
51 426
63 426
80 426
86 426
115 426
126 426
161 426
182 426
187 426
197 426
1 427
35 427
80 427
85 427
93 427
101 427
125 427
126 427
138 427
164 427
170 427
186 427
199 427
1 428
11 428
20 428
23 428
54 428
87 428
114 428
157 428
182 428
186 428
214 428
3 429
52 429
61 429
80 429
113 429
125 429
126 429
162 429
165 429
197 429
12 430
17 430
31 430
39 430
64 430
70 430
105 430
107 430
123 430
133 430
194 430
20 431
54 431
69 431
87 431
97 431
113 431
168 431
186 431
212 431
12 432
14 432
20 432
31 432
33 432
39 432
54 432
91 432
92 432
117 432
122 432
125 432
186 432
20 433
35 433
54 433
80 433
101 433
125 433
132 433
137 433
161 433
199 433
20 434
35 434
54 434
101 434
125 434
134 434
164 434
4 435
20 435
39 435
54 435
69 435
78 435
115 435
176 435
186 435
37 436
51 436
63 436
69 436
80 436
85 436
115 436
164 436
168 436
185 436
189 436
212 436
27 437
31 437
39 437
84 437
85 437
107 437
120 437
123 437
125 437
126 437
164 437
200 437
3 438
10 438
25 438
33 438
39 438
52 438
61 438
110 438
125 438
133 438
150 438
3 439
35 439
52 439
61 439
70 439
80 439
101 439
113 439
161 439
165 439
4 440
20 440
39 440
54 440
107 440
125 440
126 440
132 440
188 440
197 440
202 440
4 441
39 441
69 441
87 441
97 441
147 441
186 441
187 441
214 441
4 442
37 442
42 442
50 442
51 442
52 442
69 442
97 442
103 442
115 442
186 442
212 442
4 443
27 443
69 443
85 443
93 443
113 443
119 443
145 443
164 443
170 443
186 443
187 443
10 444
20 444
33 444
39 444
54 444
113 444
115 444
132 444
133 444
143 444
168 444
186 444
202 444
4 445
41 445
43 445
49 445
69 445
89 445
125 445
195 445
196 445
200 445
4 446
27 446
31 446
36 446
39 446
92 446
107 446
120 446
126 446
133 446
164 446
168 446
185 446
204 446
4 447
37 447
51 447
69 447
82 447
89 447
125 447
185 447
186 447
190 447
212 447
12 448
69 448
75 448
82 448
111 448
115 448
116 448
122 448
125 448
132 448
145 448
39 449
91 449
114 449
125 449
127 449
157 449
177 449
182 449
214 449
4 450
6 450
30 450
54 450
173 450
205 450
1 452
3 452
46 452
52 452
61 452
80 452
85 452
113 452
125 452
126 452
139 452
164 452
165 452
186 452
4 453
37 453
125 453
149 453
164 453
186 453
209 453
10 454
25 454
33 454
39 454
52 454
69 454
85 454
113 454
131 454
132 454
143 454
186 454
202 454
15 455
42 455
47 455
52 455
60 455
61 455
101 455
125 455
131 455
132 455
153 455
186 455
3 456
12 456
20 456
22 456
52 456
54 456
59 456
61 456
64 456
106 456
115 456
9 457
48 457
66 457
97 457
111 457
125 457
184 457
186 457
189 457
3 458
7 458
24 458
46 458
52 458
60 458
61 458
73 458
113 458
125 458
139 458
185 458
209 458
1 459
8 459
9 459
23 459
39 459
48 459
107 459
112 459
114 459
125 459
157 459
182 459
186 459
214 459
3 460
10 460
33 460
39 460
52 460
61 460
110 460
113 460
131 460
133 460
150 460
186 460
3 461
42 461
52 461
60 461
61 461
101 461
113 461
132 461
153 461
186 461
10 462
20 462
33 462
39 462
54 462
113 462
115 462
132 462
133 462
143 462
185 462
186 462
202 462
5 463
12 463
42 463
59 463
61 463
69 463
72 463
101 463
106 463
113 463
185 463
186 463
212 463
3 464
26 464
33 464
39 464
52 464
113 464
143 464
154 464
177 464
202 464
213 464
3 465
37 465
51 465
52 465
61 465
69 465
85 465
113 465
185 465
186 465
193 465
3 466
37 466
51 466
52 466
61 466
69 466
113 466
115 466
168 466
185 466
193 466
212 466
25 467
35 467
61 467
69 467
78 467
80 467
101 467
113 467
162 467
165 467
186 467
9 468
21 468
33 468
36 468
39 468
45 468
66 468
102 468
107 468
125 468
133 468
186 468
215 468
9 469
89 469
93 469
101 469
125 469
126 469
140 469
170 469
197 469
12 470
69 470
91 470
115 470
116 470
122 470
135 470
168 470
186 470
212 470
12 471
21 471
35 471
37 471
51 471
55 471
62 471
66 471
70 471
91 471
149 471
168 471
174 471
185 471
3 472
27 472
52 472
59 472
61 472
113 472
121 472
164 472
20 473
25 473
54 473
60 473
61 473
69 473
115 473
132 473
153 473
168 473
212 473
12 474
31 474
39 474
56 474
85 474
91 474
105 474
107 474
108 474
125 474
126 474
142 474
185 474
10 475
12 475
13 475
49 475
70 475
80 475
83 475
90 475
113 475
133 475
163 475
168 475
186 475
200 475
1 476
21 476
35 476
39 476
44 476
69 476
101 476
107 476
115 476
177 476
186 476
214 476
4 477
12 477
31 477
39 477
69 477
105 477
107 477
113 477
157 477
168 477
173 477
186 477
212 477
214 477
1 478
3 478
21 478
35 478
37 478
51 478
52 478
61 478
101 478
104 478
113 478
186 478
193 478
210 478
25 479
38 479
85 479
91 479
125 479
131 479
133 479
171 479
186 479
187 479
69 480
97 480
115 480
126 480
161 480
197 480
212 480
25 481
37 481
39 481
51 481
53 481
78 481
107 481
112 481
126 481
197 481
200 481
42 482
54 482
61 482
67 482
94 482
97 482
101 482
103 482
115 482
131 482
212 482
20 483
24 483
54 483
73 483
125 483
132 483
148 483
180 483
186 483
200 483
9 484
15 484
25 484
37 484
39 484
51 484
53 484
66 484
69 484
107 484
112 484
185 484
186 484
214 484
3 485
12 485
35 485
45 485
52 485
59 485
61 485
76 485
101 485
102 485
106 485
113 485
125 485
186 485
215 485
9 486
81 486
91 486
126 486
155 486
168 486
189 486
192 486
66 487
69 487
70 487
80 487
115 487
162 487
163 487
184 487
186 487
212 487
3 488
19 488
54 488
72 488
88 488
125 488
183 488
12 489
21 489
49 489
55 489
76 489
93 489
118 489
125 489
144 489
145 489
186 489
200 489
34 490
36 490
39 490
66 490
80 490
85 490
92 490
107 490
125 490
133 490
164 490
166 490
42 491
61 491
80 491
85 491
87 491
101 491
126 491
164 491
165 491
182 491
10 492
33 492
39 492
87 492
89 492
125 492
133 492
148 492
177 492
200 492
203 492
6 493
54 493
130 493
155 493
12 494
43 494
69 494
72 494
76 494
82 494
113 494
185 494
186 494
189 494
41 495
45 495
58 495
59 495
61 495
68 495
69 495
124 495
129 495
139 495
146 495
213 495
215 495
37 496
38 496
51 496
56 496
69 496
109 496
115 496
185 496
186 496
208 496
212 496
37 497
45 497
66 497
69 497
97 497
102 497
125 497
149 497
186 497
189 497
215 497
21 498
37 498
49 498
51 498
63 498
70 498
80 498
85 498
126 498
164 498
200 498
4 499
12 499
20 499
54 499
66 499
75 499
91 499
125 499
132 499
145 499
168 499
184 499
186 499
17 500
27 500
32 500
125 500
127 500
132 500
133 500
145 500
164 500
182 500
186 500
21 501
38 501
51 501
56 501
71 501
85 501
109 501
125 501
126 501
131 501
132 501
186 501
191 501
3 502
27 502
35 502
52 502
59 502
61 502
101 502
113 502
121 502
125 502
164 502
186 502
1 503
3 503
9 503
12 503
46 503
52 503
59 503
61 503
66 503
91 503
106 503
113 503
125 503
139 503
186 503
12 504
31 504
39 504
49 504
58 504
70 504
102 504
105 504
107 504
111 504
139 504
157 504
182 504
186 504
200 504
214 504
17 505
39 505
87 505
98 505
107 505
123 505
133 505
155 505
194 505
206 505
20 506
21 506
27 506
32 506
54 506
69 506
82 506
115 506
132 506
134 506
145 506
3 507
23 507
35 507
39 507
40 507
52 507
61 507
101 507
107 507
110 507
113 507
114 507
128 507
168 507
180 507
3 508
42 508
52 508
65 508
113 508
123 508
168 508
169 508
186 508
198 508
3 509
4 509
54 509
126 509
161 509
168 509
186 509
189 509
197 509
3 510
11 510
15 510
20 510
52 510
54 510
115 510
9 511
27 511
28 511
35 511
48 511
80 511
83 511
87 511
101 511
125 511
161 511
164 511
2 512
12 512
35 512
47 512
52 512
55 512
91 512
93 512
113 512
145 512
170 512
180 512
185 512
186 512
20 513
54 513
93 513
99 513
125 513
126 513
140 513
170 513
197 513
45 514
54 514
97 514
102 514
124 514
125 514
148 514
149 514
186 514
209 514
215 514
3 515
12 515
52 515
59 515
61 515
69 515
91 515
106 515
113 515
115 515
212 515
4 516
20 516
38 516
54 516
56 516
64 516
109 516
113 516
1 517
3 517
23 517
33 517
35 517
39 517
52 517
101 517
107 517
113 517
114 517
169 517
186 517
20 518
45 518
54 518
80 518
85 518
102 518
115 518
125 518
126 518
132 518
137 518
164 518
186 518
199 518
215 518
1 519
4 519
12 519
24 519
73 519
91 519
113 519
133 519
145 519
148 519
171 519
186 519
200 519
9 520
20 520
48 520
54 520
80 520
115 520
125 520
132 520
137 520
161 520
199 520
25 521
54 521
65 521
69 521
79 521
124 521
212 521
12 522
23 522
31 522
35 522
39 522
64 522
101 522
105 522
107 522
114 522
125 522
128 522
157 522
168 522
182 522
214 522
27 523
31 523
39 523
58 523
100 523
107 523
115 523
120 523
126 523
134 523
139 523
157 523
182 523
185 523
197 523
214 523
37 524
51 524
63 524
69 524
80 524
87 524
133 524
171 524
185 524
186 524
212 524
20 525
35 525
54 525
89 525
101 525
125 525
132 525
140 525
207 525
3 526
52 526
60 526
61 526
113 526
132 526
148 526
153 526
200 526
9 527
21 527
22 527
89 527
147 527
168 527
185 527
187 527
192 527
3 528
21 528
52 528
61 528
89 528
96 528
126 528
152 528
180 528
197 528
20 529
37 529
51 529
54 529
69 529
71 529
82 529
93 529
115 529
124 529
170 529
185 529
186 529
1 530
2 530
12 530
15 530
35 530
42 530
44 530
64 530
70 530
93 530
101 530
145 530
170 530
177 530
186 530
200 530
27 531
28 531
80 531
83 531
125 531
126 531
131 531
157 531
161 531
164 531
182 531
186 531
197 531
214 531
11 532
20 532
35 532
37 532
51 532
54 532
101 532
115 532
125 532
186 532
56 533
88 533
109 533
131 533
186 533
189 533
4 534
30 534
48 534
76 534
85 534
168 534
176 534
185 534
187 534
3 535
52 535
61 535
89 535
96 535
113 535
125 535
149 535
152 535
185 535
186 535
209 535
21 536
39 536
58 536
102 536
129 536
139 536
157 536
186 536
208 536
3 537
52 537
61 537
87 537
89 537
96 537
113 537
149 537
152 537
209 537
3 538
4 538
33 538
39 538
42 538
52 538
89 538
101 538
180 538
203 538
1 539
3 539
4 539
20 539
26 539
52 539
54 539
89 539
113 539
132 539
140 539
142 539
186 539
207 539
3 540
7 540
12 540
21 540
46 540
52 540
59 540
61 540
69 540
91 540
106 540
113 540
139 540
185 540
212 540
27 541
35 541
85 541
89 541
101 541
113 541
115 541
164 541
186 541
187 541
195 541
3 542
4 542
12 542
25 542
35 542
52 542
59 542
61 542
72 542
101 542
106 542
185 542
186 542
20 543
37 543
51 543
54 543
71 543
93 543
115 543
125 543
126 543
131 543
168 543
170 543
197 543
4 544
12 544
20 544
54 544
64 544
75 544
125 544
132 544
145 544
147 544
185 544
186 544
187 544
35 545
101 545
125 545
164 545
185 545
9 546
21 546
41 546
65 546
69 546
82 546
125 546
179 546
192 546
196 546
198 546
20 547
27 547
32 547
54 547
113 547
115 547
131 547
132 547
145 547
147 547
159 547
186 547
187 547
20 548
27 548
35 548
54 548
87 548
101 548
125 548
164 548
186 548
3 549
52 549
61 549
89 549
96 549
113 549
125 549
131 549
148 549
152 549
186 549
200 549
4 550
9 550
12 550
13 550
80 550
83 550
87 550
91 550
126 550
161 550
185 550
186 550
192 550
197 550
3 551
4 551
52 551
61 551
89 551
96 551
113 551
149 551
152 551
186 551
209 551
4 552
10 552
12 552
14 552
31 552
33 552
39 552
52 552
90 552
113 552
186 552
209 552
212 552
3 553
16 553
52 553
60 553
61 553
93 553
113 553
158 553
170 553
3 554
20 554
52 554
54 554
60 554
61 554
93 554
113 554
115 554
158 554
170 554
186 554
20 555
21 555
36 555
39 555
54 555
107 555
115 555
132 555
133 555
186 555
188 555
202 555
9 556
23 556
37 556
42 556
51 556
71 556
114 556
125 556
128 556
132 556
168 556
180 556
191 556
192 556
200 556
26 557
39 557
87 557
114 557
149 557
156 557
159 557
182 557
209 557
17 558
20 558
54 558
60 558
61 558
115 558
132 558
133 558
146 558
153 558
12 559
31 559
36 559
39 559
55 559
70 559
72 559
85 559
105 559
107 559
125 559
133 559
1 560
9 560
20 560
46 560
54 560
65 560
125 560
132 560
139 560
186 560
192 560
198 560
211 560
2 561
12 561
15 561
47 561
52 561
72 561
93 561
113 561
114 561
145 561
170 561
177 561
213 561
20 562
39 562
52 562
54 562
107 562
125 562
132 562
188 562
202 562
214 562
65 563
66 563
79 563
86 563
125 563
126 563
168 563
185 563
197 563
20 564
22 564
33 564
39 564
54 564
56 564
109 564
125 564
132 564
143 564
185 564
186 564
202 564
52 565
85 565
95 565
125 565
126 565
164 565
213 565
20 566
39 566
54 566
58 566
69 566
102 566
107 566
113 566
115 566
132 566
139 566
186 566
188 566
202 566
214 566
12 567
35 567
64 567
65 567
69 567
87 567
125 567
126 567
179 567
198 567
212 567
21 568
36 568
39 568
65 568
79 568
92 568
107 568
133 568
167 568
205 568
3 570
9 570
45 570
52 570
60 570
61 570
100 570
113 570
125 570
132 570
153 570
185 570
187 570
215 570
20 571
54 571
80 571
85 571
113 571
125 571
126 571
161 571
164 571
10 572
25 572
49 572
90 572
125 572
133 572
200 572
11 573
51 573
69 573
82 573
87 573
89 573
185 573
189 573
190 573
212 573
17 574
20 574
24 574
54 574
73 574
80 574
115 574
133 574
164 574
186 574
199 574
3 575
52 575
85 575
91 575
113 575
115 575
187 575
3 576
42 576
52 576
60 576
61 576
125 576
132 576
153 576
180 576
186 576
200 576
3 577
52 577
80 577
93 577
113 577
125 577
126 577
138 577
161 577
170 577
197 577
199 577
20 578
54 578
56 578
93 578
109 578
113 578
115 578
132 578
144 578
186 578
42 579
52 579
70 579
72 579
97 579
115 579
147 579
185 579
186 579
187 579
4 580
25 580
35 580
45 580
91 580
101 580
102 580
160 580
186 580
187 580
212 580
215 580
25 581
35 581
36 581
39 581
89 581
98 581
101 581
104 581
107 581
125 581
133 581
177 581
203 581
54 582
65 582
79 582
80 582
125 582
159 582
187 582
194 582
15 583
21 583
39 583
69 583
93 583
107 583
126 583
170 583
188 583
197 583
214 583
20 584
33 584
39 584
54 584
56 584
107 584
108 584
125 584
169 584
185 584
12 585
21 585
22 585
35 585
55 585
56 585
59 585
61 585
106 585
109 585
111 585
20 586
37 586
51 586
54 586
66 586
71 586
115 586
125 586
132 586
149 586
168 586
186 586
191 586
12 587
21 587
42 587
66 587
72 587
74 587
89 587
113 587
131 587
147 587
186 587
195 587
200 587
3 588
20 588
52 588
54 588
60 588
61 588
115 588
132 588
153 588
168 588
186 588
24 589
125 589
149 589
164 589
209 589
3 590
20 590
52 590
54 590
113 590
115 590
164 590
168 590
185 590
12 591
25 591
69 591
74 591
78 591
85 591
89 591
91 591
125 591
186 591
187 591
195 591
3 592
35 592
52 592
76 592
101 592
113 592
125 592
164 592
186 592
20 593
85 593
125 593
161 593
187 593
189 593
20 594
37 594
41 594
51 594
62 594
115 594
125 594
126 594
149 594
186 594
196 594
209 594
20 595
37 595
54 595
115 595
185 595
1 596
20 596
23 596
39 596
54 596
107 596
114 596
115 596
125 596
132 596
186 596
188 596
202 596
25 597
35 597
48 597
101 597
130 597
160 597
204 597
215 597
20 598
54 598
55 598
80 598
87 598
113 598
118 598
132 598
137 598
161 598
199 598
49 599
70 599
80 599
87 599
126 599
161 599
163 599
197 599
200 599
20 600
38 600
51 600
54 600
56 600
71 600
109 600
115 600
132 600
185 600
191 600
208 600
1 601
12 601
13 601
42 601
52 601
55 601
72 601
80 601
83 601
104 601
118 601
125 601
164 601
186 601
189 601
210 601
4 602
8 602
20 602
54 602
71 602
100 602
102 602
113 602
132 602
133 602
171 602
185 602
186 602
4 603
37 603
51 603
65 603
79 603
113 603
117 603
122 603
126 603
141 603
168 603
185 603
204 603
3 604
42 604
52 604
60 604
61 604
113 604
132 604
153 604
168 604
180 604
186 604
200 604
9 605
12 605
13 605
21 605
69 605
80 605
82 605
83 605
91 605
125 605
164 605
192 605
48 606
93 606
125 606
187 606
189 606
212 606
4 607
17 607
42 607
80 607
132 607
133 607
137 607
164 607
180 607
199 607
200 607
15 608
20 608
37 608
39 608
51 608
53 608
54 608
69 608
107 608
112 608
125 608
131 608
214 608
37 609
51 609
63 609
69 609
80 609
99 609
146 609
164 609
185 609
187 609
212 609
1 610
4 610
37 610
46 610
69 610
77 610
85 610
115 610
139 610
186 610
187 610
212 610
4 611
12 611
20 611
54 611
64 611
75 611
85 611
115 611
132 611
145 611
186 611
187 611
27 612
31 612
33 612
35 612
39 612
69 612
101 612
125 612
164 612
168 612
186 612
212 612
1 613
3 613
43 613
52 613
61 613
69 613
72 613
96 613
113 613
128 613
152 613
168 613
186 613
4 614
9 614
12 614
24 614
35 614
48 614
73 614
91 614
101 614
104 614
128 614
145 614
168 614
210 614
12 615
25 615
65 615
69 615
85 615
111 615
122 615
125 615
179 615
198 615
34 616
39 616
54 616
80 616
85 616
107 616
125 616
126 616
151 616
164 616
166 616
186 616
7 617
10 617
46 617
66 617
113 617
115 617
133 617
139 617
164 617
184 617
185 617
20 618
25 618
54 618
80 618
85 618
87 618
132 618
137 618
164 618
185 618
186 618
187 618
199 618
1 619
4 619
25 619
38 619
46 619
49 619
50 619
51 619
69 619
103 619
139 619
181 619
186 619
200 619
214 619
18 621
27 621
35 621
37 621
51 621
62 621
69 621
101 621
113 621
125 621
164 621
186 621
212 621
46 622
52 622
65 622
93 622
95 622
128 622
139 622
157 622
168 622
170 622
180 622
182 622
211 622
213 622
214 622
1 623
3 623
42 623
46 623
52 623
61 623
101 623
113 623
125 623
139 623
186 623
4 624
12 624
13 624
20 624
43 624
54 624
69 624
72 624
80 624
83 624
104 624
128 624
161 624
168 624
210 624
4 625
20 625
37 625
50 625
51 625
54 625
70 625
103 625
126 625
181 625
204 625
20 626
54 626
64 626
101 626
113 626
125 626
168 626
186 626
20 627
49 627
54 627
70 627
80 627
87 627
132 627
137 627
163 627
168 627
186 627
199 627
200 627
3 628
27 628
35 628
52 628
59 628
61 628
101 628
113 628
121 628
125 628
164 628
168 628
3 629
48 629
52 629
64 629
113 629
204 629
9 630
21 630
26 630
37 630
51 630
66 630
69 630
89 630
104 630
115 630
190 630
212 630
3 632
37 632
46 632
51 632
52 632
61 632
85 632
113 632
125 632
126 632
128 632
139 632
168 632
193 632
3 633
37 633
51 633
52 633
61 633
87 633
125 633
131 633
148 633
186 633
193 633
200 633
4 634
10 634
33 634
39 634
107 634
133 634
157 634
182 634
214 634
3 635
27 635
35 635
52 635
59 635
61 635
101 635
115 635
121 635
125 635
164 635
186 635
12 636
42 636
54 636
59 636
61 636
101 636
106 636
125 636
173 636
22 637
61 637
67 637
103 637
126 637
149 637
181 637
15 638
39 638
69 638
93 638
94 638
107 638
119 638
144 638
186 638
188 638
201 638
214 638
3 639
9 639
48 639
52 639
115 639
125 639
198 639
9 640
10 640
48 640
52 640
93 640
113 640
125 640
131 640
143 640
169 640
170 640
186 640
1 641
23 641
42 641
61 641
69 641
80 641
82 641
101 641
113 641
114 641
162 641
165 641
186 641
